000000000001111110000110
000000000000001110101101
000000000000011010100000
000000000001111110000101
000000000001111101110001
000000000001111101110100
000000000000010000101111
000000000001111101101101
000000000001111101101110
000000000001111101110000
000000000000001111001000
000000000000001111000111
000000000001111101100000
000000000001111101101011
000000000000001110101110
000000000001111101100001
000000000001111101101010
000000000000010001000000
000000000000010010011000
000000000001111101110101
000000000000010010011001
000000000001111101110110
000000000000010010011010
000000000000000000000011
000000000000000000000010
000000000001111101110001
000000000001111101110100
000000000000010000101111
000000000001111101101101
000000000001111101101110
000000000001111101110000
000000000000001111001000
000000000000001111000111
000000000000010010011011
000000000000010010011100
000000000001111101110010
000000000000001110101110
000000000000010010011101
000000000000010010011110
000000000000010010011111
000000000001111101110101
000000000000010010100000
000000000001111101110110
000000000000010010100001
000000000000010010100010
000000000000000000000011
000000000000000000000010
000000000001111101110100
000000000001111101110001
000000000000010000101111
000000000001111101101101
000000000001111101101110
000000000001111101110000
000000000000001111001000
000000000000001111000111
000000000000010010100011
000000000000010010100100
000000000001111101110011
000000000000001110101110
000000000000010010100101
000000000000010010100110
000000000000010010100111
000000000001111101110101
000000000000010010101000
000000000001111101110110
000000000000010010101001
000000000000010010101010
000000000000000000000011
000000000001111101110100
000000000000000000000010
000000000001111101110001
000000000000010000101111
000000000001111101101101
000000000001111101101110
000000000001111101110000
000000000000001111001000
000000000000001111000111
000000000000010010101011
000000000000010010101100
000000000001111101101011
000000000001111101101100
000000000001111101101010
000000000001111101101001
000000000001111101101000
000000000001111101100111
000000000001111101100110
000000000001111101110011
000000000001111101110010
000000000001111101100101
000000000001111101100011
000000000001111101100010
000000000001111101100001
000000000001111101100100
000000000001111101110001
000000000001111101110100
000000000001111101101101
000000000000010000101111
000000000001111101101110
000000000001111101110000
000000000000001111001001
000000000001111101101111
000000000001111100101100
000000000001111100101011
000000000001111100101010
000000000001111100101001
000000000001111101101100
000000000001111101001101
000000000001111101001100
000000000001111101000011
000000000001111100110000
000000000001111101001011
000000000000001111001000
000000000001111100011100
000000000001111100100111
000000000000001110101110
000000000001111100011101
000000000001111101101101
000000000001111101101011
000000000000001110101011
000000000001111101010001
000000000001111101010000
000000000000000010001010
000000000001111101110000
000000000001111101001111
000000000001111101010011
000000000000010110011001
000000000001111101101100
000000000001111101101110
000000000000001111001001
000000000001111100101100
000000000001111100101001
000000000001111100101010
000000000001111100101011
000000000001111101101111
000000000001111101110100
000000000001111101110001
000000000001111101110010
000000000000010000101111
000000000001111101101101
000000000001111101001101
000000000001111101001100
000000000001111101000011
000000000001111100110000
000000000001111101001011
000000000000001111001000
000000000000001110101110
000000000001111101101011
000000000000001110101011
000000000001111101010001
000000000001111101010000
000000000000000010001010
000000000001111101110000
000000000001111101001111
000000000001111101010011
000000000001111101101100
000000000000010110011001
000000000001111101101110
000000000000001111001001
000000000001111100101100
000000000001111100101001
000000000001111100101010
000000000001111100101011
000000000001111101101111
000000000001111101110100
000000000001111101110001
000000000001111101110010
000000000000010000101111
000000000001111101101101
000000000001111101001101
000000000001111101001100
000000000001111101000011
000000000001111100110000
000000000001111101001011
000000000000001111001000
000000000000001110101110
000000000001111101101011
000000000000001110101011
000000000001111101010001
000000000001111101010000
000000000000000010001010
000000000001111101110000
000000000001111101001111
000000000001111101010011
000000000001111101101100
000000000000010110011001
000000000001111101101110
000000000000001111001001
000000000001111100101100
000000000001111100101001
000000000001111100101010
000000000001111100101011
000000000001111101101111
000000000001111101110100
000000000001111101110001
000000000001111101110010
000000000000010000101111
000000000001111101101101
000000000001111101001101
000000000001111101001100
000000000001111101000011
000000000001111100110000
000000000001111101001011
000000000000001111001000
000000000000001110101110
000000000001111101101011
000000000000001110101011
000000000001111101010001
000000000001111101010000
000000000000000010001010
000000000001111101110000
000000000001111101001111
000000000001111101010011
000000000001111101101100
000000000000010110011001
000000000001111101101110
000000000000001111001001
000000000001111100101100
000000000001111100101001
000000000001111100101010
000000000001111100101011
000000000001111101101111
000000000001111101110100
000000000001111101110001
000000000001111101110010
000000000000010000101111
000000000001111101101101
000000000001111101001101
000000000001111101001100
000000000001111101000011
000000000001111100110000
000000000001111101001011
000000000000001111001000
000000000000001110101110
000000000001111101101011
000000000000001110101011
000000000001111101010001
000000000001111101010000
000000000000000010001010
000000000001111101110000
000000000001111101001111
000000000001111101010011
000000000001111101101100
000000000000010110011001
000000000001111101101110
000000000000001111001001
000000000001111100101100
000000000001111100101001
000000000001111100101010
000000000001111100101011
000000000001111101101111
000000000001111101110100
000000000001111101110001
000000000001111101110011
000000000000010000101111
000000000001111101101101
000000000001111101001101
000000000001111101001100
000000000001111101000011
000000000001111100110000
000000000001111101001011
000000000000001111001000
000000000000001110101110
000000000001111101101011
000000000000001110101011
000000000001111101010001
000000000001111101010000
000000000000000010001010
000000000001111101110000
000000000001111101001111
000000000001111101010011
000000000001111101101100
000000000000010110011001
000000000001111101101110
000000000000001111001001
000000000001111100101100
000000000001111100101001
000000000001111100101010
000000000001111100101011
000000000001111101101111
000000000001111101110100
000000000001111101110001
000000000001111101110011
000000000000010000101111
000000000001111101101101
000000000001111101001101
000000000001111101001100
000000000001111101000011
000000000001111100110000
000000000001111101001011
000000000000001111001000
000000000000001110101110
000000000001111101101011
000000000000001110101011
000000000001111101010001
000000000001111101010000
000000000000000010001010
000000000001111101110000
000000000001111101001111
000000000001111101010011
000000000001111101101100
000000000000010110011001
000000000001111101101110
000000000000001111001001
000000000001111100101100
000000000001111100101001
000000000001111100101010
000000000001111100101011
000000000001111101101111
000000000001111101110100
000000000001111101110001
000000000001111101110011
000000000000010000101111
000000000001111101101101
000000000001111101001101
000000000001111101001100
000000000001111101000011
000000000001111100110000
000000000001111101001011
000000000000001111001000
000000000000001110101110
000000000001111101101011
000000000000001110101011
000000000001111101010001
000000000001111101010000
000000000000000010001010
000000000001111101110000
000000000001111101001111
000000000001111101010011
000000000001111101101100
000000000000010110011001
000000000001111101101110
000000000000001111001001
000000000001111100101100
000000000001111100101001
000000000001111100101010
000000000001111100101011
000000000001111101101111
000000000001111101110100
000000000001111101110001
000000000001111101110011
000000000000010000101111
000000000001111101101101
000000000001111101001101
000000000001111101001100
000000000001111101000011
000000000001111100110000
000000000001111101001011
000000000000001111001000
000000000000001110101110
000000000001111101101011
000000000000001110101011
000000000001111101010001
000000000001111101010000
000000000000000010001010
000000000001111101110000
000000000001111101001111
000000000001111101010011
000000000001111101101100
000000000000010110011010
000000000001111101101110
000000000000001111001001
000000000001111100101100
000000000001111100101001
000000000001111100101010
000000000001111100101011
000000000001111101101111
000000000001111101110100
000000000001111101110001
000000000000010000101111
000000000001111101101101
000000000001111101001101
000000000001111101001100
000000000001111101000011
000000000001111100110000
000000000001111101001011
000000000000001111001000
000000000000001110101110
000000000001111101101011
000000000000001110101011
000000000001111101010001
000000000001111101010000
000000000000000010001010
000000000001111101110000
000000000001111101001111
000000000001111100111100
000000000001111101101100
000000000000000001110000
000000000000000001101111
000000000000000001101110
000000000001111101010011
000000000001111101101101
000000000000010110011010
000000000001111101101110
000000000000001111001001
000000000001111100101100
000000000001111100101001
000000000001111100101010
000000000001111100101011
000000000001111101101111
000000000001111101110100
000000000001111101110001
000000000001111110000100
000000000000010000101100
000000000001111110000010
000000000001111110000000
000000000001111110000001
000000000001111101111111
000000000000010000101111
000000000000010000101110
000000000000010000101011
000000000000010000101101
000000000000001111001000
000000000001111101111101
000000000001111101111110
000000000001111101111100
000000000000001111001001
000000000001111101111011
000000000001111101111010
000000000000001110101110
000000000000010000111010
000000000000001111001010
000000000000001111001011
000000000000001111001100
000000000000001111001101
000000000000001111001110
000000000000001111001111
000000000000001111010000
000000000000001111010001
000000000000001111010010
000000000000001111010011
000000000000001111010100
000000000000001111010101
000000000000001111010110
000000000000001111010111
000000000000001111011000
000000000000001111011001
000000000000001111011010
000000000000001111011011
000000000000001111011100
000000000000001111011101
000000000000001111011110
000000000000001111011111
000000000000001111100000
000000000000001111100001
000000000000001111100010
000000000000001111100011
000000000000001111100100
000000000000001111100101
000000000000001111100110
000000000000001111100111
000000000000001111101000
000000000000001111101001
000000000000001111101010
000000000000001111101011
000000000000001111101100
000000000000001111101101
000000000000001111101110
000000000000001111101111
000000000000001111110000
000000000000001111110001
000000000000001111110010
000000000000001111110011
000000000000001111110100
000000000000001111110101
000000000000001111110110
000000000000001111110111
000000000000001111111000
000000000000001111111001
000000000000001111111010
000000000000001111111011
000000000000001111111100
000000000000001111111101
000000000000001111111110
000000000000001111111111
000000000000010000000000
000000000000010000000001
000000000000010000000010
000000000000010000000011
000000000000010000000100
000000000000010000000101
000000000000010000000110
000000000000010000000111
000000000000010000001000
000000000000010000001001
000000000000010000001010
000000000000010000001011
000000000000010000001100
000000000000010000001101
000000000000010000001110
000000000000010000001111
000000000000010000010000
000000000000010000010001
000000000000010000010010
000000000000010000010011
000000000000010000010100
000000000000010000010101
000000000000010000010110
000000000000010000010111
000000000000010000011000
000000000000010000011001
000000000000010000011010
000000000000010000011011
000000000000010000011100
000000000000010000011101
000000000000010000011110
000000000000010000011111
000000000000010000100000
000000000000010000100001
000000000000010000100010
000000000000010000100011
000000000000010000100100
000000000000010000100101
000000000000010000100110
000000000000010000100111
000000000000010000101000
000000000000010000101001
000000000000010000101010
000000000000010000101011
000000000000010000101110
000000000001111110000001
000000000001111101111111
000000000001111110000000
000000000001111110000010
000000000001111110000100